countrycode	year	nationally_representative	indicator	value	se	n
AFG	2016	1	scorereadtotal	493.2585283673675	.0908037951394748	7160
AFG	2016	1	scorereadfemale	493.6275244496828	.1180145819832839	4318
AFG	2016	1	scorereadmale	492.6978932218934	.1414477721016867	2842
AFG	2016	1	scoreread_100total	24.20670391061453	.3587786236034252	7160
AFG	2016	1	scoreread_100female	25.66465956461325	.4662922868373566	4318
AFG	2016	1	scoreread_100male	21.99155524278677	.5588801317000544	2842
AGO	2011	1	scorereadtotal	489.7589087801846	.0935783687949685	4125
AGO	2011	1	scorereadfemale	489.6324103549445	.1406357902212928	1848
AGO	2011	1	scorereadmale	489.9091401428277	.127284229284555	2238
AGO	2011	1	scoreread_100total	10.37922082635128	.3697414801676193	4125
AGO	2011	1	scoreread_100female	9.879406370125809	.5556720690436358	1848
AGO	2011	1	scoreread_100male	10.97280738905565	.5029181354118483	2238
ATG	2016	1	scorereadtotal	498.3345740201418	.2863294544988236	563
ATG	2016	1	scorereadfemale	499.1997118963711	.392040139585211	276
ATG	2016	1	scorereadmale	497.5025947384718	.4110638959081663	287
ATG	2016	1	scoreread_100total	44.26287744227353	1.131328128129629	563
ATG	2016	1	scoreread_100female	47.68115942028985	1.549005979999299	276
ATG	2016	1	scoreread_100male	40.97560975609756	1.624171528959375	287
ATG	2018	1	scorereadtotal	499.6809444254409	.353439841744267	551
ATG	2018	1	scorereadfemale	500.9403897453757	.4882682643455724	272
ATG	2018	1	scorereadmale	498.4530980920279	.5005280313046973	279
ATG	2018	1	scoreread_100total	49.58257713248639	1.396490749674572	551
ATG	2018	1	scoreread_100female	54.55882352941177	1.929216896298905	272
ATG	2018	1	scoreread_100male	44.73118279569893	1.977656967647658	279
BDI	2011	1	scorereadtotal	493.2117733904545	.4205040231474962	1783
BDI	2011	1	scorereadfemale	493.277616670411	.4713527271492648	892
BDI	2011	1	scorereadmale	493.1447275057805	.4795546497973542	891
BDI	2011	1	scoreread_100total	24.0219862910762	1.661471576443064	1783
BDI	2011	1	scoreread_100female	24.28214176046788	1.862382061918863	892
BDI	2011	1	scoreread_100male	23.75707917208786	1.894789122314501	891
BDI	2012	1	scorereadtotal	491.6082048304442	.1215286777468572	1793
BDI	2012	1	scorereadfemale	491.7720233537418	.1713089646575773	924
BDI	2012	1	scorereadmale	491.4340180461783	.1722301075378329	869
BDI	2012	1	scoreread_100total	17.68606274631924	.4801770390966298	1793
BDI	2012	1	scoreread_100female	18.33333296590037	.6768660076251281	924
BDI	2012	1	scoreread_100male	16.99782605714436	.6805055825256731	869
BGD	2014	0	scorereadtotal	489.6768936167128	.084747518217283	3082
BGD	2014	0	scorereadfemale	489.6941184156445	.1184953624392304	1542
BGD	2014	0	scorereadmale	489.6596464479125	.1212319995666592	1540
BGD	2014	0	scoreread_100total	10.05515898767034	.3348494178365563	3082
BGD	2014	0	scoreread_100female	10.12321660181582	.4681919183447743	1542
BGD	2014	0	scoreread_100male	9.987012987012987	.4790047582747857	1540
BGD	2015	0	scorereadtotal	493.2957824067548	.1482974503865023	2577
BGD	2015	0	scorereadfemale	493.5738170366346	.2116049673080142	1304
BGD	2015	0	scorereadmale	493.0109770985354	.2074818568462875	1273
BGD	2015	0	scoreread_100total	24.35389988358557	.5859441783445578	2577
BGD	2015	0	scoreread_100female	25.45245398773006	.8360811219597762	1304
BGD	2015	0	scoreread_100male	23.22859387274156	.8197901300012231	1273
BGD	2016	0	scorereadtotal	494.0332817453713	.1523770484933549	2617
BGD	2016	0	scorereadfemale	494.2587953105603	.2158238324616714	1309
BGD	2016	0	scorereadmale	493.8075957691997	.2150640233516733	1308
BGD	2016	0	scoreread_100total	27.26786396637371	.6020632468414554	2617
BGD	2016	0	scoreread_100female	28.15889992360581	.8527504542346295	1309
BGD	2016	0	scoreread_100male	26.37614678899083	.8497483410931278	1308
COD	2010	0	scorereadtotal	489.1174463734396	.1339756074584703	1835
COD	2010	0	scorereadfemale	488.672465203388	.1753251725096398	871
COD	2010	0	scorereadmale	489.557536586256	.200656681225361	948
COD	2010	0	scoreread_100total	7.844703998561384	.5293565641068261	1835
COD	2010	0	scoreread_100female	6.086520513674858	.692734540660657	871
COD	2010	0	scoreread_100male	9.583562621354314	.7928229130877718	948
COD	2012	0	scorereadtotal	488.7217386122106	.2240735568749704	1103
COD	2012	0	scorereadfemale	488.6540398559455	.2966760943501723	547
COD	2012	0	scorereadmale	488.7847472505065	.2633089695340982	556
COD	2012	0	scoreread_100total	6.281206726545602	.8853463032080188	1103
COD	2012	0	scoreread_100female	6.013719371776247	1.172209194702576	547
COD	2012	0	scoreread_100male	6.530162762303257	1.040370967461292	556
COD	2015	0	scorereadtotal	487.7507550672253	.0873617946685048	2346
COD	2015	0	scorereadfemale	487.5735191571726	.1077568676286618	1090
COD	2015	0	scorereadmale	487.9189280004834	.1185955582088329	1256
COD	2015	0	scoreread_100total	2.444713448546938	.3451787934474302	2346
COD	2015	0	scoreread_100female	1.744429327559576	.4257626081844335	1090
COD	2015	0	scoreread_100male	3.109188467782525	.4685878059864026	1256
DMA	2016	1	scorereadtotal	500.2144233408382	.2888129980088197	491
DMA	2016	1	scorereadfemale	501.2361142245206	.4092617083256533	220
DMA	2016	1	scorereadmale	499.3850063872953	.3978610259951614	271
DMA	2016	1	scoreread_100total	51.69042769857434	1.141140959419412	491
DMA	2016	1	scoreread_100female	55.72727272727273	1.6170508312029	220
DMA	2016	1	scoreread_100male	48.41328413284133	1.572005124595692	271
EGY	2013	1	scorereadtotal	495.1279361520432	.2963053944894252	1985
EGY	2013	1	scorereadfemale	495.8855266544701	.349532319629336	1011
EGY	2013	1	scorereadmale	494.4228551428984	.3239026170579656	974
EGY	2013	1	scoreread_100total	31.59302658921138	1.170744994349893	1985
EGY	2013	1	scoreread_100female	34.5863751242956	1.381052149814916	1011
EGY	2013	1	scoreread_100male	28.80715057957611	1.279785571687836	974
ETH	2010	1	scorereadtotal	494.6030957933166	.3879080954603126	12906
ETH	2010	1	scorereadfemale	494.49002751662	.4521129160647306	6406
ETH	2010	1	scorereadmale	494.7179174848695	.3815352300472835	6500
ETH	2010	1	scoreread_100total	29.51928644581567	1.532680163762175	12906
ETH	2010	1	scoreread_100female	29.0725372782312	1.786362771877764	6406
ETH	2010	1	scoreread_100male	29.97296360991417	1.507499865834073	6500
GHA	2013	1	scorereadtotal	488.3196391705997	.1034069178271049	7923
GHA	2013	1	scorereadfemale	488.4023874478434	.126168171576052	3906
GHA	2013	1	scorereadmale	488.2403490892816	.1109057977207352	4017
GHA	2013	1	scoreread_100total	4.692454989354588	.4085753493231851	7923
GHA	2013	1	scoreread_100female	5.019405129480196	.4985082803560369	3906
GHA	2013	1	scoreread_100male	4.379168670140747	.438204485339047	4017
GMB	2007	1	scorereadtotal	495.0482039136907	.6790149727275285	799
GMB	2007	1	scorereadfemale	493.9881112838051	.8522291760195788	431
GMB	2007	1	scorereadmale	496.2696762672644	.6389808038521336	368
GMB	2007	1	scoreread_100total	31.27796532994929	2.682884117341211	799
GMB	2007	1	scoreread_100female	27.0893895832021	3.367277911034219	431
GMB	2007	1	scoreread_100male	36.10417516413446	2.52470347242906	368
GMB	2009	1	scorereadtotal	500.1364149668059	.6473305274322787	800
GMB	2009	1	scorereadfemale	500.5555605095752	.656400251330331	433
GMB	2009	1	scorereadmale	499.6330278188294	.8406100136169691	367
GMB	2009	1	scoreread_100total	51.38220611619727	2.557694394498543	800
GMB	2009	1	scoreread_100female	53.03830940756593	2.593530167983956	433
GMB	2009	1	scoreread_100male	49.39325233396577	3.321368934483036	367
GMB	2011	1	scorereadtotal	493.1726397986604	.7523163816577143	781
GMB	2011	1	scorereadfemale	493.1729768615147	.8253251938797116	394
GMB	2011	1	scorereadmale	493.1722958740289	.8167155195952182	387
GMB	2011	1	scoreread_100total	23.86734642802778	2.9725083575712	781
GMB	2011	1	scoreread_100female	23.86867814512164	3.260976480126388	394
GMB	2011	1	scoreread_100male	23.86598760042318	3.226958473229475	387
GMB	2013	1	scorereadtotal	23.86598760042318	3.226958473229475	387
GMB	2013	1	scorereadfemale	23.86598760042318	3.226958473229475	387
GMB	2013	1	scorereadmale	23.86598760042318	3.226958473229475	387
GMB	2013	1	scoreread_100total	23.86598760042318	3.226958473229475	387
GMB	2013	1	scoreread_100female	23.86598760042318	3.226958473229475	387
GMB	2013	1	scoreread_100male	23.86598760042318	3.226958473229475	387
GMB	2016	1	scorereadtotal	23.86598760042318	3.226958473229475	387
GMB	2016	1	scorereadfemale	23.86598760042318	3.226958473229475	387
GMB	2016	1	scorereadmale	23.86598760042318	3.226958473229475	387
GMB	2016	1	scoreread_100total	23.86598760042318	3.226958473229475	387
GMB	2016	1	scoreread_100female	23.86598760042318	3.226958473229475	387
GMB	2016	1	scoreread_100male	23.86598760042318	3.226958473229475	387
GRD	2016	1	scorereadtotal	500.3975009260507	.3651963110957279	696
GRD	2016	1	scorereadfemale	501.5307690572878	.5029774082171541	341
GRD	2016	1	scorereadmale	499.3089250591439	.5226095863940439	355
GRD	2016	1	scoreread_100total	52.41379310344828	1.44294222106819	696
GRD	2016	1	scoreread_100female	56.89149560117302	1.987334801883412	341
GRD	2016	1	scoreread_100male	48.11267605633803	2.064904311547879	355
GUY	2008	1	scorereadtotal	493.9943849017005	.2861640922099506	2676
GUY	2008	1	scorereadfemale	495.5128052413326	.3667047305830679	1247
GUY	2008	1	scorereadmale	492.7418064464474	.3375460607181963	1429
GUY	2008	1	scoreread_100total	27.11420557660992	1.13067532178592	2676
GUY	2008	1	scoreread_100female	33.11370255038332	1.448903244479125	1247
GUY	2008	1	scoreread_100male	22.16508809210829	1.333692986850435	1429
HND	2008	1	scorereadtotal	503.9462585077832	.4463632630946706	1664
HND	2008	1	scorereadfemale	504.5791300442572	.5966187498637009	880
HND	2008	1	scorereadmale	503.186735253477	.6663692448468048	784
HND	2008	1	scoreread_100total	66.43543619283295	1.763644305294865	1664
HND	2008	1	scoreread_100female	68.936000971224	2.357324960358553	880
HND	2008	1	scoreread_100male	63.43445259880664	2.632919016991486	784
HTI	2016	1	scorereadtotal	491.2897046299864	.0926071874191143	15485
HTI	2016	1	scorereadfemale	491.8369675888962	.1236980863266492	7503
HTI	2016	1	scorereadmale	490.7586461721339	.1387322553190027	7982
HTI	2016	1	scoreread_100total	16.42760316344289	.3659040812884508	15485
HTI	2016	1	scoreread_100female	18.58991643289913	.488748615478964	7503
HTI	2016	1	scoreread_100male	14.32931616708292	.5481507412360698	7982
IDN	2014	1	scorereadtotal	14.32931616708292	.5481507412360698	7982
IDN	2014	1	scorereadfemale	14.32931616708292	.5481507412360698	7982
IDN	2014	1	scorereadmale	14.32931616708292	.5481507412360698	7982
IDN	2014	1	scoreread_100total	14.32931616708292	.5481507412360698	7982
IDN	2014	1	scoreread_100female	14.32931616708292	.5481507412360698	7982
IDN	2014	1	scoreread_100male	14.32931616708292	.5481507412360698	7982
IRQ	2012	0	scorereadtotal	493.4736757699051	.4653065292285203	774
IRQ	2012	0	scorereadfemale	494.9218853081883	.6820528748317387	339
IRQ	2012	0	scorereadmale	492.1811204759636	.4650245145481279	435
IRQ	2012	0	scoreread_100total	25.0567823325926	1.838491897663512	774
IRQ	2012	0	scoreread_100female	30.77886299297947	2.69488736037335	339
IRQ	2012	0	scoreread_100male	19.94971360087809	1.837377632362423	435
JAM	2014	0	scorereadtotal	497.1933768404447	.1829084561870863	3250
JAM	2014	0	scorereadfemale	499.215093797253	.2656279836247498	1550
JAM	2014	0	scorereadmale	495.350046673943	.2438500234139252	1700
JAM	2014	0	scoreread_100total	39.75384615384615	.7226971521997773	3250
JAM	2014	0	scoreread_100female	47.74193548387097	1.049533691946004	1550
JAM	2014	0	scoreread_100male	32.47058823529412	.9634858943035405	1700
JOR	2012	1	scorereadtotal	497.5702510387375	.328803061159519	2895
JOR	2012	1	scorereadfemale	498.8163481320292	.414329917905211	1609
JOR	2012	1	scorereadmale	496.1108542669134	.4351151962629647	1286
JOR	2012	1	scoreread_100total	41.24295851127817	1.299147701563846	2895
JOR	2012	1	scoreread_100female	46.16646463274088	1.63707628652296	1609
JOR	2012	1	scoreread_100male	35.47667514668049	1.719202165558961	1286
KEN	2012	0	scorereadtotal	493.1292645945996	.1849884551642478	4242
KEN	2012	0	scorereadfemale	493.3913343002291	.2127016482970611	2147
KEN	2012	0	scorereadmale	492.8723968205117	.2069959904875222	2095
KEN	2012	0	scoreread_100total	23.6959649394813	.7309155375753358	4242
KEN	2012	0	scoreread_100female	24.7314394094449	.8404142827468633	2147
KEN	2012	0	scoreread_100male	22.68104403671877	.8178704207680131	2095
KEN	2013	0	scorereadtotal	495.9082537839732	.2584519769407975	2112
KEN	2013	0	scorereadfemale	496.150660280506	.3086496403216185	1054
KEN	2013	0	scorereadmale	495.6653326510549	.3355377245715432	1058
KEN	2013	0	scoreread_100total	34.6761438765469	1.021180287521451	2112
KEN	2013	0	scoreread_100female	35.6339262227432	1.219518349132852	1054
KEN	2013	0	scoreread_100male	33.71632812921434	1.32575696705257	1058
KGZ	2017	1	scorereadtotal	502.7369358413891	.3209684129493898	5105
KGZ	2017	1	scorereadfemale	503.4762013349976	.3712388524882573	2465
KGZ	2017	1	scorereadmale	502.0678753066047	.3680453019084258	2640
KGZ	2017	1	scoreread_100total	61.65724572533814	1.268191284612725	5105
KGZ	2017	1	scoreread_100female	64.57818830222638	1.466816912329938	2465
KGZ	2017	1	scoreread_100male	59.01369287528701	1.454198847891359	2640
KHM	2010	1	scorereadtotal	498.795315806071	.318542695240328	1200
KHM	2010	1	scoreread_100total	46.08333333333334	1.258607193473653	1200
KHM	2012	1	scorereadtotal	505.0640672503411	.2057838366049181	2359
KHM	2012	1	scoreread_100total	70.85205595591353	.8130810121266551	2359
KIR	2016	1	scorereadtotal	496.7900898640183	.5348847665335871	880
KIR	2016	1	scorereadfemale	498.3245355327901	.566691626025187	443
KIR	2016	1	scorereadmale	495.2157415986326	.6401804070417992	437
KIR	2016	1	scoreread_100total	38.16040233250425	2.113405282550097	880
KIR	2016	1	scoreread_100female	44.22321396048206	2.239078678161087	443
KIR	2016	1	scoreread_100male	31.93992990775619	2.529443234652751	437
KNA	2016	1	scorereadtotal	498.2297189995318	.414979134453315	317
KNA	2016	1	scorereadfemale	499.1883744673295	.5715033145990374	165
KNA	2016	1	scorereadmale	497.1890732614618	.593912718695343	152
KNA	2016	1	scoreread_100total	43.84858044164038	1.639641189606817	317
KNA	2016	1	scoreread_100female	47.63636363636363	2.258090339524828	165
KNA	2016	1	scoreread_100male	39.73684210526316	2.346633061170945	152
KNA	2018	1	scorereadtotal	499.9328862008332	.4706998688739796	346
KNA	2018	1	scorereadfemale	500.6816700260813	.6581113827349866	164
KNA	2018	1	scorereadmale	499.2581579187414	.6678907170417492	182
KNA	2018	1	scoreread_100total	50.57803468208093	1.859801683679906	346
KNA	2018	1	scoreread_100female	53.53658536585366	2.600291052953595	164
KNA	2018	1	scoreread_100male	47.91208791208791	2.638930584450585	182
LAO	2012	0	scorereadtotal	494.8851720245791	.1781572577380039	2272
LAO	2012	0	scorereadfemale	495.1822507398086	.2375900873035416	1289
LAO	2012	0	scorereadmale	493.9572129792533	.2775832514231206	887
LAO	2012	0	scoreread_100total	30.6338033071706	.7039245048713567	2272
LAO	2012	0	scoreread_100female	31.80760332555896	.9387520147312586	1289
LAO	2012	0	scoreread_100male	26.96730592420163	1.096770657686231	887
LBR	2011	0	scorereadtotal	491.0245916398555	.8460969529497409	1597
LBR	2011	0	scorereadfemale	490.4382689093864	.843427811243167	709
LBR	2011	0	scorereadmale	491.5880027928413	.9381244155696256	888
LBR	2011	0	scoreread_100total	15.38010443349507	3.343048605570891	1597
LBR	2011	0	scoreread_100female	13.06346050696685	3.332502463027425	709
LBR	2011	0	scoreread_100male	17.60622148110487	3.7066621036137	888
LBR	2013	0	scorereadtotal	490.4548745436392	.2211235791486231	2133
LBR	2013	0	scorereadfemale	490.0556131686114	.4087721554245447	1003
LBR	2013	0	scorereadmale	490.8240316020788	.2946173095681273	1130
LBR	2013	0	scoreread_100total	13.12907167170956	.8736905151986387	2133
LBR	2013	0	scoreread_100female	11.55153357502184	1.615116576339944	1003
LBR	2013	0	scoreread_100male	14.58766336070098	1.164074626143844	1130
LCA	2016	1	scorereadtotal	499.3809738462334	.2639489973009473	755
LCA	2016	1	scorereadfemale	500.7008999330211	.3437054251544343	382
LCA	2016	1	scorereadmale	498.0291996769228	.3901408682214061	373
LCA	2016	1	scoreread_100total	48.39735099337749	1.042899779768903	755
LCA	2016	1	scoreread_100female	53.61256544502618	1.35802869442327	382
LCA	2016	1	scoreread_100male	43.05630026809651	1.541501690506678	373
MAR	2011	0	scorereadtotal	491.4318050120405	1.019786718184801	742
MAR	2011	0	scorereadfemale	491.4402621480971	1.109706931632135	375
MAR	2011	0	scorereadmale	491.4267737007056	1.004047018697991	364
MAR	2011	0	scoreread_100total	16.98908910777692	4.029324762279892	742
MAR	2011	0	scoreread_100female	17.0225045049033	4.384613357642579	375
MAR	2011	0	scoreread_100male	16.96920950331206	3.967134033386131	364
MKD	2007	1	scorereadtotal	509.4040649414063	1.349820963541667	10
MKD	2007	1	scorereadfemale	511.4287963867188	1.01236572265625	5
MKD	2007	1	scorereadmale	507.3793334960938	2.263718573950074	5
MKD	2007	1	scoreread_100total	88	5.333333333333333	10
MKD	2007	1	scoreread_100female	96	4	5
MKD	2007	1	scoreread_100male	80	8.944271909999159	5
MKD	2015	1	scorereadtotal	503.6205502706934	.1511357884246618	3299
MKD	2015	1	scorereadfemale	504.3873298044626	.2115576877291076	1563
MKD	2015	1	scorereadmale	502.9301836743333	.2136679938534442	1736
MKD	2015	1	scoreread_100total	65.14852985753258	.5971586250468869	3299
MKD	2015	1	scoreread_100female	68.17818298144594	.8358939769938801	1563
MKD	2015	1	scoreread_100male	62.42079493087557	.8442321232699354	1736
MKD	2016	1	scorereadtotal	499.4244363772705	.0707315844484897	12153
MKD	2016	1	scorereadfemale	499.003585198106	.0984294160171136	6303
MKD	2016	1	scorereadmale	499.8778765451806	.1013832445447853	5850
MKD	2016	1	scoreread_100total	48.56907759400971	.2794704833067781	12153
MKD	2016	1	scoreread_100female	46.90623512613041	.3889085290594546	6303
MKD	2016	1	scoreread_100male	50.36068376068376	.4005795228972215	5850
MLI	2009	0	scorereadtotal	487.7980863760102	.1367051888093952	1229
MLI	2009	0	scorereadfemale	487.7336282325222	.1479372281230762	590
MLI	2009	0	scorereadmale	487.8613896761508	.1673463290376415	639
MLI	2009	0	scoreread_100total	2.631730270897413	.5401421171365258	1229
MLI	2009	0	scoreread_100female	2.377046579155032	.5845214355006384	590
MLI	2009	0	scoreread_100male	2.881851005174187	.6612096947340355	639
MMR	2014	0	scorereadtotal	501.3872141904915	.585578844473798	1110
MMR	2014	0	scorereadfemale	502.1913619735567	.7219172917449029	512
MMR	2014	0	scorereadmale	500.6912092009442	.6756912488898483	598
MMR	2014	0	scoreread_100total	56.3243176741666	2.313704463513674	1110
MMR	2014	0	scoreread_100female	59.50162163525103	2.852396434786871	512
MMR	2014	0	scoreread_100male	53.57430149953426	2.669751827570025	598
MMR	2015	0	scorereadtotal	497.1940940729304	.624936602252247	1513
MMR	2015	0	scorereadfemale	497.587571861885	.6029662821647508	712
MMR	2015	0	scorereadmale	496.8118042103305	.7688033536050294	801
MMR	2015	0	scoreread_100total	39.75670878381037	2.469212909680018	1513
MMR	2015	0	scoreread_100female	41.31139673692392	2.382405295201274	712
MMR	2015	0	scoreread_100male	38.24622595437084	3.03765087055613	801
MMR	2016	0	scorereadtotal	38.24622595437084	3.03765087055613	801
MMR	2016	0	scorereadfemale	38.24622595437084	3.03765087055613	801
MMR	2016	0	scorereadmale	38.24622595437084	3.03765087055613	801
MMR	2016	0	scoreread_100total	38.24622595437084	3.03765087055613	801
MMR	2016	0	scoreread_100female	38.24622595437084	3.03765087055613	801
MMR	2016	0	scoreread_100male	38.24622595437084	3.03765087055613	801
MWI	2010	1	scorereadtotal	488.1089911241933	.1094962469766035	2434
MWI	2010	1	scorereadfemale	487.9278224429787	.1219409763329787	1203
MWI	2010	1	scorereadmale	488.2840999584643	.1793024203057475	1231
MWI	2010	1	scoreread_100total	3.860154784123088	.4326351526297507	2434
MWI	2010	1	scoreread_100female	3.144331683370337	.4818060288615439	1203
MWI	2010	1	scoreread_100male	4.552034571934309	.708449218289756	1231
MWI	2011	1	scorereadtotal	488.9513742755273	.075047835848249	2947
MWI	2011	1	scorereadfemale	488.9578696206468	.1097768116215443	1457
MWI	2011	1	scorereadmale	488.9447399984924	.1022135952187931	1490
MWI	2011	1	scoreread_100total	7.18852966628274	.2965246087368306	2947
MWI	2011	1	scoreread_100female	7.214193704295512	.433743702120486	1457
MWI	2011	1	scoreread_100male	7.162316688392093	.4038603637101732	1490
MWI	2012	1	scorereadtotal	489.7951445312631	.121997592071697	5199
MWI	2012	1	scorereadfemale	489.9668656035859	.1858309957596987	2598
MWI	2012	1	scorereadmale	489.6150960184968	.1564188605617321	2601
MWI	2012	1	scoreread_100total	10.52238527241639	.482029733315228	5199
MWI	2012	1	scoreread_100female	11.20087954473469	.7342445405951737	2598
MWI	2012	1	scoreread_100male	9.810988103749613	.6180330245699975	2601
NGA	2010	0	scorereadtotal	491.2470648135321	.5816084930053941	1776
NGA	2010	0	scorereadfemale	490.8340366545855	.7405387706527804	866
NGA	2010	0	scorereadmale	491.5067794475414	.5472055762468279	910
NGA	2010	0	scoreread_100total	16.25912746384309	2.298017370292627	1776
NGA	2010	0	scoreread_100female	14.6271949234819	2.925973430037479	866
NGA	2010	0	scoreread_100male	17.28529663237939	2.162086537522807	910
NGA	2014	0	scorereadtotal	487.8608477565518	.2162571440250411	1259
NGA	2014	0	scorereadfemale	487.7680956626538	.2343760671719208	617
NGA	2014	0	scorereadmale	487.9425087139389	.26260833007724	642
NGA	2014	0	scoreread_100total	2.879705239384996	.8544625367337805	1259
NGA	2014	0	scoreread_100female	2.513228592977756	.9260529550086996	617
NGA	2014	0	scoreread_100male	3.202359236158261	1.037602632138679	642
NIC	2008	1	scorereadtotal	505.9066718685837	.194271268796035	6649
NIC	2008	1	scorereadfemale	506.1879752363697	.2326699710851182	3322
NIC	2008	1	scorereadmale	505.5946894314076	.2641155169444535	3327
NIC	2008	1	scoreread_100total	74.18130636168128	.7675932219661997	6649
NIC	2008	1	scoreread_100female	75.29277572454323	.9193119119581523	3322
NIC	2008	1	scoreread_100male	72.94861965978244	1.043557715439931	3327
PAK	2013	0	scorereadtotal	493.0009858568172	.2302247545727217	11627
PAK	2013	0	scorereadfemale	491.1345867744388	.1871441394367491	5932
PAK	2013	0	scorereadmale	493.4013078454541	.2730863805296841	5796
PAK	2013	0	scoreread_100total	23.18911706512884	.9096505320968264	11627
PAK	2013	0	scoreread_100female	15.81471060070138	.7394329351480571	5932
PAK	2013	0	scoreread_100male	24.77084580081011	1.079002871859999	5796
PAK	2017	0	scorereadtotal	493.3107647898614	.3376083376558119	11066
PAK	2017	0	scorereadfemale	493.9167459567228	.395166721785387	5412
PAK	2017	0	scorereadmale	493.1678652973849	.4071305850736528	5654
PAK	2017	0	scoreread_100total	24.41309739598994	1.333938240303094	11066
PAK	2017	0	scoreread_100female	26.80741460092995	1.561359548004237	5412
PAK	2017	0	scoreread_100male	23.84848131198425	1.608630462143359	5654
PHL	2013	1	scorereadtotal	1290.551810865113	29.81849187085187	2462
PHL	2013	1	scorereadfemale	1413.190765260031	35.55607295445289	1230
PHL	2013	1	scorereadmale	1181.584500268288	32.20613239311237	1232
PHL	2013	1	scoreread_100total	3174.424205811033	117.8170395369302	2462
PHL	2013	1	scoreread_100female	3658.987900208594	140.487025653022	1230
PHL	2013	1	scoreread_100male	2743.879091887976	127.2509418033539	1232
PNG	2011	1	scorereadtotal	497.0495807559852	.5910960562401594	1279
PNG	2011	1	scorereadfemale	497.0355420469132	.65171414498849	642
PNG	2011	1	scorereadmale	497.0631192194741	.6304433450543372	637
PNG	2011	1	scoreread_100total	39.18572360155466	2.335504268989869	1279
PNG	2011	1	scoreread_100female	39.13025269802564	2.575014824613998	642
PNG	2011	1	scoreread_100male	39.23921789353464	2.490971041552121	637
PNG	2012	1	scorereadtotal	499.7311401844771	.2484375455703324	1278
PNG	2012	1	scorereadfemale	500.8235900016557	.3503221962321644	637
PNG	2012	1	scorereadmale	498.645507526844	.3473405768918377	641
PNG	2012	1	scoreread_100total	49.78090839057648	.9816118483699109	1278
PNG	2012	1	scoreread_100female	54.09733198276682	1.384172496765828	637
PNG	2012	1	scoreread_100male	45.49142035902383	1.372391704121698	641
RWA	2015	1	scorereadtotal	496.1494013912176	.176244735785178	2410
RWA	2015	1	scorereadfemale	496.8094632520164	.2527799056049583	1210
RWA	2015	1	scorereadmale	495.486488823985	.2439594113981823	1200
RWA	2015	1	scoreread_100total	35.62895808529055	.6963678845431758	2410
RWA	2015	1	scoreread_100female	38.23695610061885	.9987691626785524	1210
RWA	2015	1	scoreread_100male	33.00969652458032	.9639181516049826	1200
RWA	2016	1	scorereadtotal	498.2568194250004	.1972967908926291	2383
RWA	2016	1	scorereadfemale	499.1584255249646	.2865079898251488	1181
RWA	2016	1	scorereadmale	497.3657183122465	.2685664009568252	1202
RWA	2016	1	scoreread_100total	43.95565805148905	.7795474954444754	2383
RWA	2016	1	scoreread_100female	47.51803113381104	1.132033546427895	1181
RWA	2016	1	scoreread_100male	40.4347916578083	1.061143793972637	1202
SEN	2009	1	scorereadtotal	490.8694650051632	.2654064507354791	573
SEN	2009	1	scorereadfemale	490.4071661737383	.3517046703400642	279
SEN	2009	1	scorereadmale	491.3201987649438	.3955141062040433	285
SEN	2009	1	scoreread_100total	14.76720580354495	1.048659206741245	573
SEN	2009	1	scoreread_100female	12.94059345337107	1.389636014841945	279
SEN	2009	1	scoreread_100male	16.54812204983725	1.562733186407291	285
SLB	2016	1	scorereadtotal	494.7078892728544	0	8
SLB	2016	1	scorereadfemale	495.6762336004147	0	7
SLB	2016	1	scorereadmale	487.1320190429688	0	1
SLB	2016	1	scoreread_100total	29.93333361784729	0	8
SLB	2016	1	scoreread_100female	33.75939886636068	0	7
SLB	2016	1	scoreread_100male	0	0	1
SLB	2017	1	scorereadtotal	494.4758893761646	1.204917640519573	766
SLB	2017	1	scorereadfemale	495.6992107577689	1.218917399059013	379
SLB	2017	1	scorereadmale	493.2799689001702	1.488470245234613	387
SLB	2017	1	scoreread_100total	29.01666924844917	4.760799831737115	766
SLB	2017	1	scoreread_100female	33.85018486134278	4.816114855650429	379
SLB	2017	1	scoreread_100male	24.29141848489491	5.881156234050106	387
SLE	2014	1	scorereadtotal	488.7588441581077	.2468320096057237	2360
SLE	2014	1	scorereadfemale	488.6922013699317	.2914968374421586	1190
SLE	2014	1	scorereadmale	488.8361715567461	.2756138146701982	1170
SLE	2014	1	scoreread_100total	6.427815930628252	.975268158881235	2360
SLE	2014	1	scoreread_100female	6.164500866202125	1.151745215594827	1190
SLE	2014	1	scoreread_100male	6.733347399396567	1.088989141490741	1170
SLV	2018	1	scorereadtotal	503.189539891417	.221485913199747	1905
SLV	2018	1	scorereadfemale	503.5809578072099	.2618480585580842	958
SLV	2018	1	scorereadmale	502.8239363032183	.2823125385221834	947
SLV	2018	1	scoreread_100total	63.44553352247644	.8751221351849457	1905
SLV	2018	1	scoreread_100female	64.99208100836299	1.034598673969506	958
SLV	2018	1	scoreread_100male	62.00098209203302	1.1154567255851	947
TLS	2009	1	scorereadtotal	494.1997487875528	.6277718354778383	625
TLS	2009	1	scorereadfemale	494.3742807033629	.7406915629288575	367
TLS	2009	1	scorereadmale	494.0523891416617	.7146292051923051	384
TLS	2009	1	scoreread_100total	27.92562250188928	2.480416614460516	625
TLS	2009	1	scoreread_100female	28.61522255207178	2.926578951220212	367
TLS	2009	1	scoreread_100male	27.34338389682168	2.823602186867556	384
TLS	2011	1	scorereadtotal	495.8992688330017	.6972293700106655	599
TLS	2011	1	scorereadfemale	496.6263712260366	.8298843539944488	291
TLS	2011	1	scorereadmale	495.2769708161048	.8064506716587345	308
TLS	2011	1	scoreread_100total	34.64066491751922	2.754852320760429	599
TLS	2011	1	scoreread_100female	37.51355025616099	3.278990172983454	291
TLS	2011	1	scoreread_100male	32.18187662836773	3.186401666400434	308
TON	2009	1	scorereadtotal	495.2132946123667	.2976795060943433	803
TON	2009	1	scorereadfemale	496.9938575481546	.4342043018859369	406
TON	2009	1	scorereadmale	493.392366269974	.3863237528004991	397
TON	2009	1	scoreread_100total	31.93026151930261	1.176173785549715	803
TON	2009	1	scoreread_100female	38.96551724137931	1.715602542317097	406
TON	2009	1	scoreread_100male	24.73551637279597	1.526419728186216	397
TUV	2016	1	scorereadtotal	492.9427916857661	.4176430540490476	392
TUV	2016	1	scorereadfemale	494.3420383360328	.5909933327856571	205
TUV	2016	1	scorereadmale	491.4088581921583	.5696451911653281	187
TUV	2016	1	scoreread_100total	22.95918367346939	1.650166712295369	392
TUV	2016	1	scoreread_100female	28.48780487804878	2.335098154982987	205
TUV	2016	1	scoreread_100male	16.89839572192513	2.250748631317506	187
TZA	2013	1	scorereadtotal	494.4518617799314	.694491089889915	2152
TZA	2013	1	scorereadfemale	494.7815230158565	.69269413816146	1095
TZA	2013	1	scorereadmale	494.1075593283753	.7544954403260705	1057
TZA	2013	1	scoreread_100total	28.92173365717686	2.744032534373452	2152
TZA	2013	1	scoreread_100female	30.2242717442925	2.736932504583409	1095
TZA	2013	1	scoreread_100male	27.56134605994961	2.981118222796975	1057
UGA	2009	0	scorereadtotal	488.4380399673528	.4249880556436883	337
UGA	2009	0	scorereadfemale	488.0947854118125	.4179814256080574	179
UGA	2009	0	scorereadmale	488.6705545664443	.6523491240383862	158
UGA	2009	0	scoreread_100total	5.160273272346572	1.67918791204599	337
UGA	2009	0	scoreread_100female	3.804025945555185	1.65150366613107	179
UGA	2009	0	scoreread_100male	6.078971359139714	2.577523685466099	158
VCT	2016	1	scorereadtotal	499.6438980781714	.3507481132846886	674
VCT	2016	1	scorereadfemale	500.7634346945244	.4781819172920265	342
VCT	2016	1	scorereadmale	498.4906404793981	.5071763505650116	332
VCT	2016	1	scoreread_100total	49.43620178041543	1.385855350236055	674
VCT	2016	1	scoreread_100female	53.85964912280702	1.889364314063778	342
VCT	2016	1	scoreread_100male	44.87951807228916	2.003925416337804	332
VCT	2018	1	scorereadtotal	497.7881164550781	.3405825141193448	694
VCT	2018	1	scorereadfemale	498.4424891929842	.4495266884716435	354
VCT	2018	1	scorereadmale	497.1067989573759	.5121002658472629	340
VCT	2018	1	scoreread_100total	42.10374639769452	1.345689631710259	694
VCT	2018	1	scoreread_100female	44.68926553672316	1.776143456505712	354
VCT	2018	1	scoreread_100male	39.41176470588236	2.023380501282132	340
VUT	2010	1	scorereadtotal	493.363770878135	.1875850623625232	1722
VUT	2010	1	scorereadfemale	493.906629198651	.2746279292701668	860
VUT	2010	1	scorereadmale	492.8221720896851	.254469661509479	862
VUT	2010	1	scoreread_100total	24.62253224752783	.7411750924627596	1722
VUT	2010	1	scoreread_100female	26.76744216209234	1.085093759481961	860
VUT	2010	1	scoreread_100male	22.48259892209223	1.005445598407471	862
WSM	2017	1	scorereadtotal	491.7185764980049	.2893913903518475	795
WSM	2017	1	scorereadfemale	493.0559979904482	.4544828414736288	399
WSM	2017	1	scorereadmale	490.3985944566018	.3485245604488322	396
WSM	2017	1	scoreread_100total	18.12213650617061	1.143426269283561	795
WSM	2017	1	scoreread_100female	23.40647777736337	1.795725917235341	399
WSM	2017	1	scoreread_100male	12.90670096993073	1.377069778831987	396
YEM	2011	1	scorereadtotal	488.8688976725463	.3566553043456087	734
YEM	2011	1	scorereadfemale	488.9468268848491	.3268464011185464	314
YEM	2011	1	scorereadmale	488.8081002437137	.4043048420170692	420
YEM	2011	1	scoreread_100total	6.862670081212777	1.409197901701385	734
YEM	2011	1	scoreread_100female	7.170580058355113	1.291418958115278	314
YEM	2011	1	scoreread_100male	6.622450343724132	1.597468016934931	420
ZMB	2011	1	scorereadtotal	487.9789581137013	.162855873737829	779
ZMB	2011	1	scorereadfemale	487.870220952548	.207990172443341	382
ZMB	2011	1	scorereadmale	488.0837457978623	.1747019430690822	397
ZMB	2011	1	scoreread_100total	3.346375935210772	.6434665683433123	779
ZMB	2011	1	scoreread_100female	2.916740047331237	.8217985604935042	382
ZMB	2011	1	scoreread_100male	3.76040688144199	.6902720613418994	397
